{
 "cells": [
  {
   "cell_type": "code",
   "execution_count": 1,
   "metadata": {},
   "outputs": [],
   "source": [
    "from AdditivePhylogeny import additivePhylogeny\n",
    "from PhylogenyHelperFunctions import loadMatrixFile, printPhylogenyTree\n",
    "import numpy as np"
   ]
  },
  {
   "cell_type": "markdown",
   "metadata": {},
   "source": [
    "Example 1: Small Tree"
   ]
  },
  {
   "cell_type": "code",
   "execution_count": 2,
   "metadata": {},
   "outputs": [
    {
     "name": "stdout",
     "output_type": "stream",
     "text": [
      "[[ 0 13 21 22]\n",
      " [13  0 12 13]\n",
      " [21 12  0 13]\n",
      " [22 13 13  0]]\n"
     ]
    }
   ],
   "source": [
    "D = np.array([[0, 13, 21, 22], [13, 0, 12, 13], [21, 12, 0, 13], [22, 13, 13, 0]])\n",
    "print(D)"
   ]
  },
  {
   "cell_type": "code",
   "execution_count": 3,
   "metadata": {},
   "outputs": [
    {
     "name": "stdout",
     "output_type": "stream",
     "text": [
      "0->4:11\n",
      "1->4:2\n",
      "2->5:6\n",
      "3->5:7\n",
      "4->0:11\n",
      "4->1:2\n",
      "4->5:4\n",
      "5->2:6\n",
      "5->3:7\n",
      "5->4:4\n"
     ]
    }
   ],
   "source": [
    "t, w, n = additivePhylogeny(D, 4, 4)\n",
    "printPhylogenyTree(t, w)"
   ]
  },
  {
   "cell_type": "markdown",
   "metadata": {},
   "source": [
    "Example 2: Reading in from a text file"
   ]
  },
  {
   "cell_type": "code",
   "execution_count": 4,
   "metadata": {},
   "outputs": [
    {
     "name": "stdout",
     "output_type": "stream",
     "text": [
      "29 [[    0  3036  4777  1541  2766  6656  2401  4119  7488  4929  5344  3516\n",
      "   1485  6392  2066  3216  7008  7206  1187  6491  3379  6262  6153  4927\n",
      "   6670  4997  9010  5793  9032]\n",
      " [ 3036     0  6323  3087  4312  8202  1619  5665  9034  2205  6890   966\n",
      "   3031  7938  3612   492  4284  8752  2023  8037  4925  3538  3429  6473\n",
      "   3946  2273 10556  7339 10578]\n",
      " [ 4777  6323     0  4054  2571  3455  5688  1972  4287  8216  2143  6803\n",
      "   4126  3191  3183  6503 10295  4005  4474  3290  2964  9549  9440  1726\n",
      "   9957  8284  5809  2592  5831]\n",
      " [ 1541  3087  4054     0  2043  5933  2452  3396  6765  4980  4621  3567\n",
      "    890  5669  1343  3267  7059  6483  1238  5768  2656  6313  6204  4204\n",
      "   6721  5048  8287  5070  8309]\n",
      " [ 2766  4312  2571  2043     0  4450  3677  1913  5282  6205  3138  4792\n",
      "   2115  4186  1172  4492  8284  5000  2463  4285  1173  7538  7429  2721\n",
      "   7946  6273  6804  3587  6826]\n",
      " [ 6656  8202  3455  5933  4450     0  7567  3851  1082 10095  1872  8682\n",
      "   6005  1992  5062  8382 12174   800  6353  1047  4843 11428 11319  3053\n",
      "  11836 10163  2604  2545  2626]\n",
      " [ 2401  1619  5688  2452  3677  7567     0  5030  8399  3512  6255  2099\n",
      "   2396  7303  2977  1799  5591  8117  1388  7402  4290  4845  4736  5838\n",
      "   5253  3580  9921  6704  9943]\n",
      " [ 4119  5665  1972  3396  1913  3851  5030     0  4683  7558  2539  6145\n",
      "   3468  3587  2525  5845  9637  4401  3816  3686  2306  8891  8782  2122\n",
      "   9299  7626  6205  2988  6227]\n",
      " [ 7488  9034  4287  6765  5282  1082  8399  4683     0 10927  2704  9514\n",
      "   6837  2824  5894  9214 13006  1172  7185  1879  5675 12260 12151  3885\n",
      "  12668 10995  2144  3377  2166]\n",
      " [ 4929  2205  8216  4980  6205 10095  3512  7558 10927     0  8783  2859\n",
      "   4924  9831  5505  1891  3719 10645  3916  9930  6818  2973  2864  8366\n",
      "   3381  1708 12449  9232 12471]\n",
      " [ 5344  6890  2143  4621  3138  1872  6255  2539  2704  8783     0  7370\n",
      "   4693  1608  3750  7070 10862  2422  5041  1707  3531 10116 10007  1741\n",
      "  10524  8851  4226  1233  4248]\n",
      " [ 3516   966  6803  3567  4792  8682  2099  6145  9514  2859  7370     0\n",
      "   3511  8418  4092  1146  4938  9232  2503  8517  5405  4192  4083  6953\n",
      "   4600  2927 11036  7819 11058]\n",
      " [ 1485  3031  4126   890  2115  6005  2396  3468  6837  4924  4693  3511\n",
      "      0  5741  1415  3211  7003  6555  1182  5840  2728  6257  6148  4276\n",
      "   6665  4992  8359  5142  8381]\n",
      " [ 6392  7938  3191  5669  4186  1992  7303  3587  2824  9831  1608  8418\n",
      "   5741     0  4798  8118 11910  2542  6089  1827  4579 11164 11055  2789\n",
      "  11572  9899  4346  2281  4368]\n",
      " [ 2066  3612  3183  1343  1172  5062  2977  2525  5894  5505  3750  4092\n",
      "   1415  4798     0  3792  7584  5612  1763  4897  1785  6838  6729  3333\n",
      "   7246  5573  7416  4199  7438]\n",
      " [ 3216   492  6503  3267  4492  8382  1799  5845  9214  1891  7070  1146\n",
      "   3211  8118  3792     0  3970  8932  2203  8217  5105  3224  3115  6653\n",
      "   3632  1959 10736  7519 10758]\n",
      " [ 7008  4284 10295  7059  8284 12174  5591  9637 13006  3719 10862  4938\n",
      "   7003 11910  7584  3970     0 12724  5995 12009  8897  1442  2699 10445\n",
      "   1088  3447 14528 11311 14550]\n",
      " [ 7206  8752  4005  6483  5000   800  8117  4401  1172 10645  2422  9232\n",
      "   6555  2542  5612  8932 12724     0  6903  1597  5393 11978 11869  3603\n",
      "  12386 10713  2694  3095  2716]\n",
      " [ 1187  2023  4474  1238  2463  6353  1388  3816  7185  3916  5041  2503\n",
      "   1182  6089  1763  2203  5995  6903     0  6188  3076  5249  5140  4624\n",
      "   5657  3984  8707  5490  8729]\n",
      " [ 6491  8037  3290  5768  4285  1047  7402  3686  1879  9930  1707  8517\n",
      "   5840  1827  4897  8217 12009  1597  6188     0  4678 11263 11154  2888\n",
      "  11671  9998  3401  2380  3423]\n",
      " [ 3379  4925  2964  2656  1173  4843  4290  2306  5675  6818  3531  5405\n",
      "   2728  4579  1785  5105  8897  5393  3076  4678     0  8151  8042  3114\n",
      "   8559  6886  7197  3980  7219]\n",
      " [ 6262  3538  9549  6313  7538 11428  4845  8891 12260  2973 10116  4192\n",
      "   6257 11164  6838  3224  1442 11978  5249 11263  8151     0  1953  9699\n",
      "   1104  2701 13782 10565 13804]\n",
      " [ 6153  3429  9440  6204  7429 11319  4736  8782 12151  2864 10007  4083\n",
      "   6148 11055  6729  3115  2699 11869  5140 11154  8042  1953     0  9590\n",
      "   2361  2592 13673 10456 13695]\n",
      " [ 4927  6473  1726  4204  2721  3053  5838  2122  3885  8366  1741  6953\n",
      "   4276  2789  3333  6653 10445  3603  4624  2888  3114  9699  9590     0\n",
      "  10107  8434  5407  2190  5429]\n",
      " [ 6670  3946  9957  6721  7946 11836  5253  9299 12668  3381 10524  4600\n",
      "   6665 11572  7246  3632  1088 12386  5657 11671  8559  1104  2361 10107\n",
      "      0  3109 14190 10973 14212]\n",
      " [ 4997  2273  8284  5048  6273 10163  3580  7626 10995  1708  8851  2927\n",
      "   4992  9899  5573  1959  3447 10713  3984  9998  6886  2701  2592  8434\n",
      "   3109     0 12517  9300 12539]\n",
      " [ 9010 10556  5809  8287  6804  2604  9921  6205  2144 12449  4226 11036\n",
      "   8359  4346  7416 10736 14528  2694  8707  3401  7197 13782 13673  5407\n",
      "  14190 12517     0  4899  1758]\n",
      " [ 5793  7339  2592  5070  3587  2545  6704  2988  3377  9232  1233  7819\n",
      "   5142  2281  4199  7519 11311  3095  5490  2380  3980 10565 10456  2190\n",
      "  10973  9300  4899     0  4921]\n",
      " [ 9032 10578  5831  8309  6826  2626  9943  6227  2166 12471  4248 11058\n",
      "   8381  4368  7438 10758 14550  2716  8729  3423  7219 13804 13695  5429\n",
      "  14212 12539  1758  4921     0]]\n"
     ]
    }
   ],
   "source": [
    "matrix, dim = loadMatrixFile(\"addPhyloTest.txt\")\n",
    "print(dim, matrix)"
   ]
  },
  {
   "cell_type": "code",
   "execution_count": 5,
   "metadata": {},
   "outputs": [
    {
     "name": "stdout",
     "output_type": "stream",
     "text": [
      "0->29:745\n",
      "1->36:156\n",
      "2->32:788\n",
      "3->30:409\n",
      "4->31:280\n",
      "5->35:125\n",
      "6->33:492\n",
      "7->34:657\n",
      "8->53:311\n",
      "9->43:820\n",
      "10->37:280\n",
      "11->38:723\n",
      "12->39:417\n",
      "13->40:864\n",
      "14->41:236\n",
      "15->42:89\n",
      "16->51:713\n",
      "17->44:445\n",
      "18->45:87\n",
      "19->46:441\n",
      "20->47:783\n",
      "21->48:348\n",
      "22->49:922\n",
      "23->50:662\n",
      "24->51:375\n",
      "25->52:718\n",
      "26->55:868\n",
      "27->54:841\n",
      "28->55:890\n",
      "29->0:745\n",
      "29->39:323\n",
      "29->45:355\n",
      "30->3:409\n",
      "30->39:64\n",
      "30->41:698\n",
      "31->4:280\n",
      "31->41:656\n",
      "31->47:110\n",
      "32->2:788\n",
      "32->34:527\n",
      "32->50:276\n",
      "33->6:492\n",
      "33->38:884\n",
      "33->45:809\n",
      "34->7:657\n",
      "34->32:527\n",
      "34->47:866\n",
      "35->5:125\n",
      "35->44:230\n",
      "35->46:481\n",
      "36->1:156\n",
      "36->38:87\n",
      "36->42:247\n",
      "37->10:280\n",
      "37->40:464\n",
      "37->54:112\n",
      "38->11:723\n",
      "38->33:884\n",
      "38->36:87\n",
      "39->12:417\n",
      "39->29:323\n",
      "39->30:64\n",
      "40->13:864\n",
      "40->37:464\n",
      "40->46:522\n",
      "41->14:236\n",
      "41->30:698\n",
      "41->31:656\n",
      "42->15:89\n",
      "42->36:247\n",
      "42->43:982\n",
      "43->9:820\n",
      "43->42:982\n",
      "43->52:170\n",
      "44->17:445\n",
      "44->35:230\n",
      "44->53:416\n",
      "45->18:87\n",
      "45->29:355\n",
      "45->33:809\n",
      "46->19:441\n",
      "46->35:481\n",
      "46->40:522\n",
      "47->20:783\n",
      "47->31:110\n",
      "47->34:866\n",
      "48->21:348\n",
      "48->49:683\n",
      "48->51:381\n",
      "49->22:922\n",
      "49->48:683\n",
      "49->52:952\n",
      "50->23:662\n",
      "50->32:276\n",
      "50->54:687\n",
      "51->16:713\n",
      "51->24:375\n",
      "51->48:381\n",
      "52->25:718\n",
      "52->43:170\n",
      "52->49:952\n",
      "53->8:311\n",
      "53->44:416\n",
      "53->55:965\n",
      "54->27:841\n",
      "54->37:112\n",
      "54->50:687\n",
      "55->26:868\n",
      "55->28:890\n",
      "55->53:965\n"
     ]
    }
   ],
   "source": [
    "t, w, n = additivePhylogeny(matrix, dim, dim)\n",
    "printPhylogenyTree(t, w)"
   ]
  }
 ],
 "metadata": {
  "kernelspec": {
   "display_name": "Python 3",
   "language": "python",
   "name": "python3"
  },
  "language_info": {
   "codemirror_mode": {
    "name": "ipython",
    "version": 3
   },
   "file_extension": ".py",
   "mimetype": "text/x-python",
   "name": "python",
   "nbconvert_exporter": "python",
   "pygments_lexer": "ipython3",
   "version": "3.7.1"
  }
 },
 "nbformat": 4,
 "nbformat_minor": 2
}
